p4000_g+4.5_m0.0_t00_st_z+0.00_a+0.00_c+0.00_n+0.00_o+0.00_r+0.00_s+0.00
  4000.      Teff [K].         Last iteration; yyyymmdd=20080519
  1.4516E+10 Flux [erg/cm2/s]
  3.1623E+04 Surface gravity [cm/s2]
  0.0        Microturbulence parameter [km/s]
  0.0        No mass for plane-parallel models
 +0.00 +0.00 Metallicity [Fe/H] and [alpha/Fe]
  1.0000E+00 1 cm radius for plane-parallel models
  4.7762E-23 Luminosity [Lsun] FOR A RADIUS OF 1 cm!
  1.50 8.00 0.076 0.00 are the convection parameters: alpha, nu, y and beta
  0.73826 0.24954 1.22E-02 are X, Y and Z, 12C/13C=89 (=solar)
Logarithmic chemical number abundances, H always 12.00
  12.00  10.93   1.05   1.38   2.70   8.39   7.78   8.66   4.56   7.84
   6.17   7.53   6.37   7.51   5.36   7.14   5.50   6.18   5.08   6.31
   3.17   4.90   4.00   5.64   5.39   7.45   4.92   6.23   4.21   4.60
   2.88   3.58   2.29   3.33   2.56   3.25   2.60   2.92   2.21   2.58
   1.42   1.92 -99.00   1.84   1.12   1.66   0.94   1.77   1.60   2.00
   1.00   2.19   1.51   2.24   1.07   2.17   1.13   1.70   0.58   1.45
 -99.00   1.00   0.52   1.11   0.28   1.14   0.51   0.93   0.00   1.08
   0.06   0.88  -0.17   1.11   0.23   1.25   1.38   1.64   1.01   1.13
   0.90   2.00   0.65 -99.00 -99.00 -99.00 -99.00 -99.00 -99.00   0.06
 -99.00  -0.52
  56 Number of depth points
Model structure
 k lgTauR  lgTau5    Depth     T        Pe          Pg         Prad       Pturb
  1 -5.00 -4.8465 -4.015E+07  2918.4  2.9826E-03  6.2715E+02  3.3871E-01  0.0000E+00
  2 -4.80 -4.6461 -3.885E+07  2947.3  3.7698E-03  7.8005E+02  3.3876E-01  0.0000E+00
  3 -4.60 -4.4451 -3.740E+07  2978.8  4.8644E-03  9.8995E+02  3.3883E-01  0.0000E+00
  4 -4.40 -4.2445 -3.585E+07  3010.0  6.3369E-03  1.2738E+03  3.3891E-01  0.0000E+00
  5 -4.20 -4.0456 -3.424E+07  3040.5  8.2812E-03  1.6502E+03  3.3902E-01  0.0000E+00
  6 -4.00 -3.8487 -3.259E+07  3069.9  1.0808E-02  2.1428E+03  3.3916E-01  0.0000E+00
  7 -3.80 -3.6536 -3.094E+07  3098.0  1.4054E-02  2.7821E+03  3.3935E-01  0.0000E+00
  8 -3.60 -3.4604 -2.928E+07  3124.8  1.8194E-02  3.6074E+03  3.3960E-01  0.0000E+00
  9 -3.40 -3.2687 -2.763E+07  3150.2  2.3440E-02  4.6696E+03  3.3994E-01  0.0000E+00
 10 -3.20 -3.0784 -2.599E+07  3174.2  3.0061E-02  6.0338E+03  3.4040E-01  0.0000E+00
 11 -3.00 -2.8892 -2.435E+07  3197.2  3.8408E-02  7.7851E+03  3.4105E-01  0.0000E+00
 12 -2.90 -2.7951 -2.356E+07  3208.3  4.3363E-02  8.8392E+03  3.4146E-01  0.0000E+00
 13 -2.80 -2.7011 -2.277E+07  3219.5  4.8949E-02  1.0034E+04  3.4196E-01  0.0000E+00
 14 -2.70 -2.6072 -2.198E+07  3230.7  5.5255E-02  1.1391E+04  3.4255E-01  0.0000E+00
 15 -2.60 -2.5133 -2.119E+07  3242.1  6.2395E-02  1.2931E+04  3.4326E-01  0.0000E+00
 16 -2.50 -2.4193 -2.040E+07  3253.8  7.0505E-02  1.4681E+04  3.4410E-01  0.0000E+00
 17 -2.40 -2.3250 -1.960E+07  3266.1  7.9756E-02  1.6674E+04  3.4512E-01  0.0000E+00
 18 -2.30 -2.2304 -1.881E+07  3279.0  9.0347E-02  1.8945E+04  3.4634E-01  0.0000E+00
 19 -2.20 -2.1353 -1.801E+07  3292.7  1.0253E-01  2.1537E+04  3.4783E-01  0.0000E+00
 20 -2.10 -2.0397 -1.721E+07  3307.5  1.1661E-01  2.4498E+04  3.4962E-01  0.0000E+00
 21 -2.00 -1.9433 -1.641E+07  3323.5  1.3297E-01  2.7887E+04  3.5179E-01  0.0000E+00
 22 -1.90 -1.8461 -1.559E+07  3340.9  1.5209E-01  3.1768E+04  3.5440E-01  0.0000E+00
 23 -1.80 -1.7479 -1.477E+07  3360.2  1.7457E-01  3.6218E+04  3.5758E-01  0.0000E+00
 24 -1.70 -1.6486 -1.395E+07  3381.5  2.0118E-01  4.1324E+04  3.6145E-01  0.0000E+00
 25 -1.60 -1.5482 -1.311E+07  3405.2  2.3290E-01  4.7184E+04  3.6615E-01  0.0000E+00
 26 -1.50 -1.4466 -1.227E+07  3431.8  2.7107E-01  5.3906E+04  3.7187E-01  0.0000E+00
 27 -1.40 -1.3436 -1.142E+07  3462.9  3.1805E-01  6.1609E+04  3.7886E-01  0.0000E+00
 28 -1.30 -1.2385 -1.055E+07  3509.1  3.8348E-01  7.0428E+04  3.8746E-01  0.0000E+00
 29 -1.20 -1.1311 -9.671E+06  3557.6  4.6430E-01  8.0452E+04  3.9794E-01  0.0000E+00
 30 -1.10 -1.0229 -8.786E+06  3608.2  5.6394E-01  9.1718E+04  4.1067E-01  0.0000E+00
 31 -1.00 -0.9150 -7.903E+06  3660.9  6.8668E-01  1.0424E+05  4.2614E-01  0.0000E+00
 32 -0.90 -0.8081 -7.029E+06  3715.7  8.3776E-01  1.1800E+05  4.4484E-01  0.0000E+00
 33 -0.80 -0.7030 -6.168E+06  3772.6  1.0240E+00  1.3296E+05  4.6735E-01  0.0000E+00
 34 -0.70 -0.6000 -5.323E+06  3832.1  1.2541E+00  1.4909E+05  4.9432E-01  0.0000E+00
 35 -0.60 -0.4995 -4.497E+06  3894.6  1.5404E+00  1.6632E+05  5.2652E-01  0.0000E+00
 36 -0.50 -0.4014 -3.693E+06  3960.9  1.8996E+00  1.8456E+05  5.6469E-01  0.0000E+00
 37 -0.40 -0.3059 -2.910E+06  4031.8  2.3556E+00  2.0373E+05  6.0984E-01  0.0000E+00
 38 -0.30 -0.2128 -2.149E+06  4108.8  2.9422E+00  2.2371E+05  6.6315E-01  0.0000E+00
 39 -0.20 -0.1220 -1.411E+06  4193.5  3.7096E+00  2.4439E+05  7.2609E-01  0.0000E+00
 40 -0.10 -0.0333 -6.955E+05  4287.1  4.7226E+00  2.6564E+05  8.0047E-01  0.0000E+00
 41 -0.00  0.0534  0.000E+00  4391.0  6.0667E+00  2.8739E+05  8.8859E-01  0.0000E+00
 42  0.10  0.1385  6.792E+05  4505.7  7.8389E+00  3.0962E+05  9.9321E-01  0.0000E+00
 43  0.20  0.2222  1.349E+06  4631.5  1.0145E+01  3.3247E+05  1.1177E+00  0.0000E+00
 44  0.30  0.3051  2.018E+06  4769.6  1.3104E+01  3.5619E+05  1.2670E+00  0.0000E+00
 45  0.40  0.3875  2.699E+06  4921.6  1.6845E+01  3.8121E+05  1.4468E+00  0.0000E+00
 46  0.50  0.4701  3.407E+06  5089.9  2.1532E+01  4.0812E+05  1.6652E+00  0.0000E+00
 47  0.60  0.5531  4.158E+06  5276.6  2.7434E+01  4.3762E+05  1.9325E+00  0.0000E+00
 48  0.70  0.6371  4.964E+06  5483.6  3.5221E+01  4.7039E+05  2.2598E+00  0.0000E+00
 49  0.80  0.7223  5.823E+06  5707.3  4.6541E+01  5.0651E+05  2.6551E+00  0.0000E+00
 50  0.90  0.8093  6.710E+06  5936.4  6.4497E+01  5.4500E+05  3.1123E+00  0.0000E+00
 51  1.00  0.8985  7.588E+06  6159.4  9.2915E+01  5.8420E+05  3.6128E+00  0.0000E+00
 52  1.20  1.0836  9.297E+06  6554.0  1.9032E+02  6.6131E+05  4.6469E+00  0.0000E+00
 53  1.40  1.2751  1.087E+07  6906.1  3.6524E+02  7.3675E+05  5.7336E+00  0.0000E+00
 54  1.60  1.4698  1.238E+07  7230.3  6.5232E+02  8.1318E+05  6.8905E+00  0.0000E+00
 55  1.80  1.6658  1.388E+07  7539.4  1.1037E+03  8.9365E+05  8.1459E+00  0.0000E+00
 56  2.00  1.8621  1.542E+07  7840.2  1.7925E+03  9.8086E+05  9.5270E+00  0.0000E+00
