p8000_g+4.5_m0.0_t00_st_z+0.00_a+0.00_c+0.00_n+0.00_o+0.00_r+0.00_s+0.00
  8000.      Teff [K].         Last iteration; yyyymmdd=20080519
  2.3226E+11 Flux [erg/cm2/s]
  3.1623E+04 Surface gravity [cm/s2]
  0.0        Microturbulence parameter [km/s]
  0.0        No mass for plane-parallel models
 +0.00 +0.00 Metallicity [Fe/H] and [alpha/Fe]
  1.0000E+00 1 cm radius for plane-parallel models
  7.6428E-22 Luminosity [Lsun] FOR A RADIUS OF 1 cm!
  1.50 8.00 0.076 0.00 are the convection parameters: alpha, nu, y and beta
  0.73826 0.24954 1.22E-02 are X, Y and Z, 12C/13C=89 (=solar)
Logarithmic chemical number abundances, H always 12.00
  12.00  10.93   1.05   1.38   2.70   8.39   7.78   8.66   4.56   7.84
   6.17   7.53   6.37   7.51   5.36   7.14   5.50   6.18   5.08   6.31
   3.17   4.90   4.00   5.64   5.39   7.45   4.92   6.23   4.21   4.60
   2.88   3.58   2.29   3.33   2.56   3.25   2.60   2.92   2.21   2.58
   1.42   1.92 -99.00   1.84   1.12   1.66   0.94   1.77   1.60   2.00
   1.00   2.19   1.51   2.24   1.07   2.17   1.13   1.70   0.58   1.45
 -99.00   1.00   0.52   1.11   0.28   1.14   0.51   0.93   0.00   1.08
   0.06   0.88  -0.17   1.11   0.23   1.25   1.38   1.64   1.01   1.13
   0.90   2.00   0.65 -99.00 -99.00 -99.00 -99.00 -99.00 -99.00   0.06
 -99.00  -0.52
  56 Number of depth points
Model structure
 k lgTauR  lgTau5    Depth     T        Pe          Pg         Prad       Pturb
  1 -5.00 -5.1299 -7.900E+07  5574.1  1.5228E-01  6.0242E+01  5.4814E+00  0.0000E+00
  2 -4.80 -4.9309 -7.478E+07  5623.1  2.0734E-01  8.5243E+01  5.4821E+00  0.0000E+00
  3 -4.60 -4.7334 -7.090E+07  5680.7  2.8326E-01  1.1679E+02  5.4831E+00  0.0000E+00
  4 -4.40 -4.5366 -6.728E+07  5740.5  3.8351E-01  1.5637E+02  5.4843E+00  0.0000E+00
  5 -4.20 -4.3402 -6.384E+07  5802.1  5.1561E-01  2.0599E+02  5.4859E+00  0.0000E+00
  6 -4.00 -4.1437 -6.051E+07  5864.9  6.8902E-01  2.6821E+02  5.4879E+00  0.0000E+00
  7 -3.80 -3.9469 -5.725E+07  5928.4  9.1543E-01  3.4633E+02  5.4905E+00  0.0000E+00
  8 -3.60 -3.7498 -5.403E+07  5991.5  1.2081E+00  4.4468E+02  5.4939E+00  0.0000E+00
  9 -3.40 -3.5523 -5.083E+07  6054.0  1.5845E+00  5.6893E+02  5.4983E+00  0.0000E+00
 10 -3.20 -3.3545 -4.763E+07  6115.6  2.0660E+00  7.2652E+02  5.5042E+00  0.0000E+00
 11 -3.00 -3.1562 -4.440E+07  6176.5  2.6817E+00  9.2702E+02  5.5122E+00  0.0000E+00
 12 -2.90 -3.0569 -4.282E+07  6206.5  3.0493E+00  1.0472E+03  5.5172E+00  0.0000E+00
 13 -2.80 -2.9576 -4.122E+07  6236.5  3.4656E+00  1.1830E+03  5.5230E+00  0.0000E+00
 14 -2.70 -2.8582 -3.962E+07  6266.6  3.9366E+00  1.3365E+03  5.5299E+00  0.0000E+00
 15 -2.60 -2.7587 -3.801E+07  6296.3  4.4663E+00  1.5103E+03  5.5380E+00  0.0000E+00
 16 -2.50 -2.6591 -3.639E+07  6326.2  5.0667E+00  1.7070E+03  5.5478E+00  0.0000E+00
 17 -2.40 -2.5595 -3.476E+07  6355.8  5.7422E+00  1.9297E+03  5.5593E+00  0.0000E+00
 18 -2.30 -2.4598 -3.311E+07  6385.7  6.5082E+00  2.1820E+03  5.5730E+00  0.0000E+00
 19 -2.20 -2.3600 -3.146E+07  6415.6  7.3741E+00  2.4678E+03  5.5895E+00  0.0000E+00
 20 -2.10 -2.2602 -2.980E+07  6446.0  8.3597E+00  2.7915E+03  5.6093E+00  0.0000E+00
 21 -2.00 -2.1603 -2.812E+07  6477.3  9.4890E+00  3.1578E+03  5.6332E+00  0.0000E+00
 22 -1.90 -2.0605 -2.645E+07  6509.7  1.0786E+01  3.5717E+03  5.6622E+00  0.0000E+00
 23 -1.80 -1.9606 -2.476E+07  6543.2  1.2280E+01  4.0389E+03  5.6975E+00  0.0000E+00
 24 -1.70 -1.8608 -2.308E+07  6578.9  1.4031E+01  4.5650E+03  5.7406E+00  0.0000E+00
 25 -1.60 -1.7610 -2.139E+07  6617.3  1.6094E+01  5.1555E+03  5.7931E+00  0.0000E+00
 26 -1.50 -1.6613 -1.971E+07  6658.7  1.8544E+01  5.8158E+03  5.8577E+00  0.0000E+00
 27 -1.40 -1.5617 -1.804E+07  6705.7  2.1556E+01  6.5496E+03  5.9366E+00  0.0000E+00
 28 -1.30 -1.4623 -1.639E+07  6753.9  2.5064E+01  7.3621E+03  6.0335E+00  0.0000E+00
 29 -1.20 -1.3630 -1.475E+07  6809.9  2.9490E+01  8.2569E+03  6.1533E+00  0.0000E+00
 30 -1.10 -1.2640 -1.315E+07  6871.4  3.4949E+01  9.2337E+03  6.3008E+00  0.0000E+00
 31 -1.00 -1.1653 -1.157E+07  6942.4  4.1965E+01  1.0290E+04  6.4839E+00  0.0000E+00
 32 -0.90 -1.0670 -1.004E+07  7025.8  5.1263E+01  1.1417E+04  6.7108E+00  0.0000E+00
 33 -0.80 -0.9692 -8.570E+06  7116.0  6.2981E+01  1.2605E+04  6.9931E+00  0.0000E+00
 34 -0.70 -0.8720 -7.157E+06  7225.6  7.9419E+01  1.3839E+04  7.3452E+00  0.0000E+00
 35 -0.60 -0.7755 -5.823E+06  7351.5  1.0191E+02  1.5092E+04  7.7859E+00  0.0000E+00
 36 -0.50 -0.6800 -4.576E+06  7496.7  1.3339E+02  1.6338E+04  8.3365E+00  0.0000E+00
 37 -0.40 -0.5855 -3.429E+06  7666.8  1.7893E+02  1.7546E+04  9.0306E+00  0.0000E+00
 38 -0.30 -0.4922 -2.392E+06  7863.5  2.4544E+02  1.8681E+04  9.9061E+00  0.0000E+00
 39 -0.20 -0.4003 -1.473E+06  8091.4  3.4470E+02  1.9713E+04  1.1012E+01  0.0000E+00
 40 -0.10 -0.3095 -6.761E+05  8351.4  4.9304E+02  2.0619E+04  1.2410E+01  0.0000E+00
 41 -0.00 -0.2197  0.000E+00  8653.5  7.2180E+02  2.1384E+04  1.4176E+01  0.0000E+00
 42  0.10 -0.1302  5.646E+05  8981.4  1.0531E+03  2.2014E+04  1.6402E+01  0.0000E+00
 43  0.20 -0.0400  1.019E+06  9448.3  1.6940E+03  2.2495E+04  1.9255E+01  0.0000E+00
 44  0.30  0.0527  1.380E+06  9859.5  2.4489E+03  2.2852E+04  2.2490E+01  0.0000E+00
 45  0.40  0.1482  1.710E+06 10170.7  3.1461E+03  2.3163E+04  2.5753E+01  0.0000E+00
 46  0.50  0.2468  2.046E+06 10432.5  3.8145E+03  2.3469E+04  2.8921E+01  0.0000E+00
 47  0.60  0.3489  2.405E+06 10666.6  4.4701E+03  2.3783E+04  3.1993E+01  0.0000E+00
 48  0.70  0.4542  2.801E+06 10888.0  5.1336E+03  2.4117E+04  3.5026E+01  0.0000E+00
 49  0.80  0.5623  3.250E+06 11106.1  5.8205E+03  2.4482E+04  3.8124E+01  0.0000E+00
 50  0.90  0.6728  3.767E+06 11328.5  6.5448E+03  2.4889E+04  4.1398E+01  0.0000E+00
 51  1.00  0.7857  4.372E+06 11562.8  7.3209E+03  2.5347E+04  4.5028E+01  0.0000E+00
 52  1.20  1.0191  5.976E+06 12116.3  9.1163E+03  2.6477E+04  5.4168E+01  0.0000E+00
 53  1.40  1.2669  8.496E+06 12898.2  1.1246E+04  2.7876E+04  7.0440E+01  0.0000E+00
 54  1.60  1.6045  1.746E+07 16598.2  1.5502E+04  3.2482E+04  1.8875E+02  0.0000E+00
 55  1.80  1.9957  4.359E+07 19781.6  2.3077E+04  4.6914E+04  3.7094E+02  0.0000E+00
 56  2.00  2.3675  8.902E+07 23100.2  3.9301E+04  7.8882E+04  6.5809E+02  0.0000E+00
